1000 1000
2 1
3 1
4 1
5 3
6 3
7 5
8 5
9 2
10 2
11 10
12 8
13 12
14 10
15 13
16 15
17 12
18 16
19 8
20 7
21 13
22 4
23 18
24 1
25 18
26 19
27 16
28 17
29 17
30 16
31 14
32 19
33 22
34 16
35 7
36 13
37 3
38 28
39 28
40 33
41 26
42 16
43 19
44 40
45 30
46 7
47 31
48 7
49 33
50 1
51 35
52 43
53 23
54 38
55 3
56 36
57 25
58 24
59 2
60 26
61 28
62 56
63 4
64 36
65 44
66 45
67 9
68 47
69 15
70 29
71 13
72 15
73 4
74 66
75 20
76 32
77 39
78 6
79 48
80 15
81 42
82 68
83 69
84 46
85 36
86 74
87 35
88 82
89 57
90 53
91 33
92 74
93 63
94 68
95 1
96 2
97 41
98 4
99 43
100 41
101 49
102 78
103 25
104 65
105 36
106 18
107 99
108 76
109 99
110 43
111 109
112 108
113 15
114 52
115 36
116 80
117 26
118 17
119 23
120 87
121 49
122 49
123 5
124 79
125 55
126 108
127 119
128 105
129 124
130 46
131 116
132 37
133 103
134 41
135 102
136 89
137 135
138 36
139 97
140 13
141 97
142 54
143 5
144 6
145 102
146 138
147 9
148 138
149 139
150 58
151 124
152 144
153 126
154 68
155 27
156 78
157 150
158 88
159 71
160 62
161 36
162 26
163 133
164 59
165 134
166 142
167 42
168 58
169 132
170 20
171 132
172 17
173 133
174 59
175 160
176 50
177 102
178 1
179 93
180 18
181 92
182 21
183 17
184 21
185 144
186 61
187 166
188 125
189 153
190 135
191 70
192 27
193 136
194 26
195 186
196 104
197 26
198 4
199 62
200 155
201 63
202 154
203 74
204 200
205 45
206 6
207 176
208 20
209 116
210 92
211 121
212 61
213 106
214 114
215 111
216 162
217 47
218 50
219 50
220 111
221 10
222 203
223 78
224 57
225 129
226 120
227 127
228 114
229 124
230 135
231 82
232 18
233 12
234 37
235 224
236 204
237 177
238 49
239 46
240 206
241 47
242 153
243 97
244 136
245 157
246 169
247 19
248 84
249 47
250 208
251 225
252 222
253 241
254 41
255 229
256 127
257 76
258 214
259 206
260 158
261 168
262 188
263 134
264 144
265 172
266 24
267 1
268 117
269 203
270 220
271 239
272 240
273 101
274 245
275 5
276 197
277 31
278 199
279 215
280 110
281 83
282 249
283 50
284 256
285 97
286 285
287 229
288 276
289 143
290 17
291 117
292 173
293 152
294 32
295 68
296 9
297 286
298 96
299 215
300 40
301 235
302 113
303 261
304 44
305 14
306 259
307 214
308 178
309 287
310 219
311 244
312 27
313 18
314 278
315 190
316 284
317 101
318 128
319 151
320 301
321 178
322 79
323 22
324 298
325 277
326 314
327 216
328 6
329 22
330 141
331 247
332 76
333 28
334 47
335 156
336 158
337 170
338 299
339 232
340 279
341 88
342 168
343 184
344 103
345 260
346 291
347 127
348 321
349 65
350 133
351 282
352 52
353 148
354 11
355 30
356 192
357 26
358 225
359 56
360 3
361 150
362 358
363 71
364 171
365 78
366 110
367 59
368 357
369 328
370 332
371 132
372 97
373 208
374 373
375 89
376 138
377 134
378 220
379 111
380 31
381 169
382 5
383 358
384 354
385 105
386 221
387 207
388 76
389 310
390 104
391 31
392 4
393 323
394 393
395 287
396 126
397 370
398 107
399 61
400 381
401 169
402 106
403 296
404 194
405 325
406 298
407 174
408 360
409 215
410 74
411 187
412 398
413 68
414 369
415 316
416 129
417 138
418 222
419 339
420 406
421 153
422 61
423 226
424 157
425 132
426 314
427 249
428 81
429 389
430 291
431 222
432 177
433 159
434 75
435 312
436 138
437 386
438 299
439 350
440 202
441 247
442 316
443 85
444 323
445 11
446 421
447 157
448 129
449 308
450 312
451 235
452 193
453 37
454 229
455 203
456 47
457 439
458 190
459 101
460 164
461 75
462 388
463 48
464 308
465 312
466 226
467 138
468 249
469 304
470 447
471 263
472 67
473 318
474 416
475 210
476 376
477 327
478 274
479 309
480 167
481 91
482 424
483 132
484 52
485 82
486 94
487 466
488 198
489 446
490 368
491 371
492 126
493 290
494 238
495 122
496 73
497 41
498 197
499 102
500 198
501 467
502 472
503 122
504 281
505 310
506 349
507 83
508 162
509 343
510 130
511 178
512 199
513 335
514 399
515 408
516 206
517 509
518 13
519 284
520 93
521 170
522 46
523 372
524 383
525 263
526 357
527 59
528 122
529 41
530 419
531 496
532 477
533 401
534 197
535 513
536 369
537 484
538 443
539 294
540 387
541 244
542 262
543 352
544 88
545 181
546 545
547 227
548 103
549 71
550 473
551 33
552 224
553 204
554 226
555 232
556 221
557 62
558 83
559 489
560 115
561 358
562 311
563 429
564 282
565 399
566 51
567 480
568 332
569 77
570 479
571 435
572 348
573 457
574 260
575 312
576 329
577 234
578 308
579 100
580 256
581 160
582 396
583 370
584 194
585 450
586 179
587 425
588 374
589 85
590 152
591 62
592 251
593 459
594 189
595 297
596 443
597 508
598 6
599 534
600 159
601 535
602 513
603 340
604 21
605 158
606 268
607 359
608 414
609 464
610 475
611 590
612 351
613 277
614 399
615 258
616 443
617 460
618 171
619 470
620 532
621 212
622 366
623 489
624 347
625 178
626 377
627 403
628 178
629 40
630 115
631 496
632 69
633 255
634 577
635 279
636 555
637 416
638 418
639 631
640 203
641 149
642 272
643 103
644 65
645 410
646 484
647 11
648 148
649 459
650 11
651 562
652 399
653 193
654 282
655 15
656 72
657 617
658 521
659 658
660 632
661 619
662 78
663 88
664 90
665 628
666 556
667 8
668 79
669 223
670 611
671 245
672 670
673 252
674 106
675 349
676 71
677 403
678 527
679 347
680 621
681 594
682 101
683 171
684 86
685 614
686 105
687 516
688 158
689 130
690 653
691 12
692 303
693 110
694 332
695 276
696 50
697 54
698 653
699 459
700 414
701 509
702 414
703 382
704 62
705 109
706 478
707 297
708 604
709 310
710 404
711 183
712 587
713 237
714 597
715 124
716 369
717 152
718 455
719 436
720 241
721 513
722 478
723 341
724 98
725 54
726 224
727 574
728 155
729 327
730 553
731 163
732 570
733 125
734 156
735 484
736 6
737 334
738 177
739 616
740 396
741 329
742 32
743 581
744 610
745 464
746 527
747 338
748 171
749 649
750 353
751 396
752 426
753 320
754 625
755 637
756 30
757 469
758 328
759 534
760 117
761 682
762 49
763 75
764 57
765 578
766 426
767 371
768 740
769 59
770 381
771 424
772 338
773 140
774 308
775 381
776 687
777 211
778 419
779 757
780 772
781 220
782 304
783 317
784 1
785 528
786 263
787 35
788 53
789 289
790 618
791 62
792 623
793 607
794 577
795 93
796 218
797 658
798 129
799 591
800 196
801 32
802 470
803 67
804 434
805 136
806 60
807 279
808 700
809 202
810 762
811 497
812 432
813 66
814 675
815 307
816 646
817 547
818 674
819 104
820 581
821 577
822 759
823 355
824 44
825 776
826 290
827 727
828 241
829 647
830 752
831 479
832 149
833 367
834 69
835 682
836 61
837 337
838 5
839 437
840 369
841 185
842 203
843 558
844 47
845 425
846 781
847 134
848 443
849 833
850 411
851 477
852 157
853 555
854 666
855 527
856 410
857 231
858 767
859 562
860 440
861 506
862 322
863 492
864 511
865 797
866 355
867 88
868 48
869 712
870 754
871 241
872 821
873 168
874 633
875 555
876 867
877 551
878 722
879 63
880 461
881 201
882 208
883 484
884 772
885 604
886 189
887 396
888 546
889 384
890 574
891 746
892 648
893 852
894 150
895 822
896 728
897 621
898 136
899 103
900 407
901 689
902 713
903 894
904 147
905 196
906 262
907 91
908 841
909 255
910 909
911 587
912 159
913 678
914 405
915 401
916 37
917 451
918 804
919 319
920 626
921 153
922 712
923 382
924 834
925 665
926 579
927 792
928 858
929 37
930 299
931 363
932 751
933 552
934 574
935 848
936 221
937 550
938 838
939 694
940 451
941 27
942 200
943 898
944 238
945 80
946 753
947 163
948 757
949 886
950 594
951 523
952 593
953 215
954 750
955 115
956 864
957 716
958 303
959 263
960 605
961 883
962 716
963 133
964 914
965 603
966 553
967 186
968 443
969 926
970 650
971 471
972 893
973 1
974 502
975 682
976 636
977 706
978 453
979 686
980 247
981 709
982 263
983 586
984 100
985 964
986 344
987 49
988 862
989 471
990 434
991 771
992 638
993 962
994 300
995 440
996 41
997 456
998 454
999 389
1000 776
846 96
746 326
258 529
619 734
887 542
914 727
522 260
906 688
215 125
580 1000
496 414
721 862
365 810
674 774
729 981
178 743
261 807
575 481
855 11
677 759
875 262
231 720
561 575
673 524
685 922
183 217
332 408
349 422
538 8
659 412
104 573
480 718
217 72
221 675
320 415
936 261
58 131
228 458
650 182
719 805
828 643
282 987
293 206
938 282
458 37
840 864
242 8
584 801
397 27
650 579
797 778
805 858
945 152
929 540
567 107
590 149
558 270
54 746
419 418
695 329
929 899
168 326
788 830
986 63
648 739
684 210
964 92
1 669
539 254
500 65
405 813
588 13
781 253
353 64
628 212
44 761
598 268
740 937
378 486
629 62
192 120
370 932
668 658
675 237
230 939
126 730
513 827
784 803
498 720
257 226
871 825
784 567
604 943
810 718
546 169
885 442
273 256
147 843
493 167
335 858
375 637
291 834
765 213
919 895
413 970
541 63
283 688
271 774
867 19
306 237
180 143
737 889
885 194
223 447
268 755
83 858
391 242
360 707
653 285
491 672
806 65
263 879
996 126
871 344
710 178
519 52
488 273
699 234
485 577
938 29
768 730
164 474
272 493
497 844
512 842
962 605
709 600
797 326
609 326
333 919
25 676
452 564
244 764
243 66
212 649
327 784
511 77
810 13
700 363
378 624
971 587
273 523
514 235
61 857
301 573
280 935
250 754
885 60
147 18
173 296
56 168
693 688
439 478
650 727
667 100
978 179
819 262
153 464
733 652
127 854
288 156
272 935
658 670
444 490
7 663
219 342
366 505
172 454
413 393
473 414
744 820
822 101
100 227
924 56
825 17
357 94
220 589
366 700
4 112
998 934
3 817
837 936
228 171
812 842
88 436
849 781
934 800
313 909
634 417
144 643
255 320
92 712
477 989
514 236
100 182
343 711
156 913
1000 133
146 654
334 692
140 273
854 483
30 873
667 879
329 381
66 736
163 403
952 879
670 554
28 944
144 254
896 746
838 858
960 299
697 564
675 926
355 390
141 814
722 271
138 29
920 75
191 808
329 699
950 172
52 600
713 610
749 810
746 646
933 290
780 29
618 82
703 930
512 952
526 134
994 985
494 655
608 715
757 339
158 22
285 68
527 618
994 416
738 265
969 820
690 482
550 306
802 77
270 688
464 183
762 616
457 133
386 161
769 366
326 515
840 223
619 236
82 615
220 798
249 584
621 177
131 100
780 554
657 333
279 961
649 12
802 827
161 121
891 587
639 261
117 257
24 7
240 710
787 429
117 206
444 599
421 268
432 846
186 909
217 262
713 325
941 452
43 761
621 787
833 888
919 690
853 496
27 960
946 84
428 626
81 984
168 214
238 397
731 336
186 648
790 793
170 874
381 779
568 956
937 195
777 888
866 615
402 244
459 82
502 401
287 39
508 207
356 384
516 901
346 714
768 691
149 499
747 287
142 679
40 729
765 513
85 490
744 549
984 384
404 749
291 562
242 673
397 387
790 779
763 750
869 556
281 637
941 662
622 75
692 417
428 623
731 134
919 595
856 192
222 718
75 820
866 981
291 6
943 697
608 288
810 910
93 211
881 337
292 224
7 106
165 909
108 496
201 568
617 921
824 929
95 688
899 482
485 90
223 207
662 751
595 882
918 946
422 291
247 336
239 364
395 383
632 373
352 952
365 609
127 754
872 159
393 525
12 891
120 594
608 704
64 743
292 475
971 661
543 925
337 423
964 579
463 504
564 761
539 258
528 696
823 812
421 756
188 984
394 878
664 501
835 763
972 489
115 769
11 319
351 617
589 137
877 275
811 943
101 39
655 861
968 650
790 670
684 878
379 455
994 26
955 160
272 577
587 37
958 303
439 14
158 805
493 427
831 246
521 986
607 455
235 785
172 963
912 767
305 940
639 842
638 787
66 360
615 339
549 833
48 984
280 911
732 180
11 777
385 615
14 77
141 914
502 738
237 938
875 385
584 973
84 405
309 903
88 103
340 769
453 560
196 320
582 3
528 789
899 237
160 163
155 142
266 498
820 743
647 611
662 957
756 61
548 336
140 176
761 423
849 765
627 514
501 163
171 954
441 825
378 980
986 906
475 796
712 78
325 349
514 598
92 834
204 432
290 749
690 463
267 255
516 736
857 584
240 858
468 258
775 522
378 32
675 108
899 745
403 965
320 520
492 201
145 466
499 141
431 477
310 839
468 878
206 991
630 976
238 737
545 360
546 516
600 74
697 508
90 63
118 119
180 352
698 136
168 425
723 809
599 728
567 962
111 948
211 835
261 784
598 16
357 193
78 999
448 987
713 183
795 347
280 502
47 112
199 299
706 654
432 96
350 110
668 835
523 755
46 477
641 200
654 157
93 381
80 508
872 887
414 177
250 2
887 231
347 146
515 739
45 13
14 336
799 88
423 637
520 4
43 228
882 928
74 594
665 360
933 154
130 960
872 928
78 682
563 280
134 69
999 628
285 454
916 792
489 821
730 740
189 148
150 481
864 382
249 361
409 921
634 845
468 879
163 177
255 112
201 917
173 516
70 6
936 811
137 501
890 257
496 372
283 677
399 658
799 423
806 183
353 833
695 444
778 366
374 403
89 780
140 818
125 605
694 186
321 60
643 891
184 391
830 590
710 195
272 876
382 287
437 351
525 552
788 204
493 823
190 26
549 958
852 495
519 950
481 69
115 969
162 828
848 901
512 808
766 279
765 285
220 755
511 131
851 631
340 510
703 388
57 424
996 844
549 508
845 760
691 885
42 533
513 639
685 45
676 18
388 163
971 469
797 425
764 925
967 756
183 727
447 139
852 244
694 62
60 140
161 296
471 717
9 590
973 261
555 780
995 916
100 640
262 589
525 75
790 130
304 717
698 418
914 478
120 827
987 138
380 385
686 768
360 321
26 997
988 282
8 791
673 250
508 45
646 742
85 543
646 704
487 175
812 761
308 722
834 711
758 245
937 414
708 762
479 477
565 597
530 606
555 298
313 506
832 173
54 578
990 477
665 646
42 527
857 517
59 715
355 678
442 881
483 216
902 451
182 710
764 592
450 202
627 35
38 963
782 89
523 273
660 317
771 957
839 551
613 890
775 824
304 655
321 730
113 753
71 212
89 503
233 152
963 888
482 54
942 787
930 622
101 26
548 632
986 43
135 839
893 477
965 208
919 309
227 899
153 35
727 413
855 927
52 129
409 119
844 587
717 967
207 109
609 184
674 356
391 234
725 108
81 220
444 327
325 360
969 541
870 411
118 548
438 943
30 668
173 550
470 934
466 979
783 350
376 917
770 242
25 169
9 7
471 233
814 823
318 96
324 222
231 325
445 342
745 502
909 36
527 11
463 782
906 981
553 539
148 732
272 916
186 597
933 186
465 244
1000 661
856 932
730 59
788 575
13 614
222 17
537 87
831 960
991 329
5 551
252 147
835 57
834 168
426 354
714 125
959 443
281 316
360 763
140 295
893 505
216 706
227 468
755 470
752 329
266 137
109 397
208 219
497 700
516 96
310 672
280 591
135 498
435 644
551 403
946 153
219 879
312 826
68 76
452 220
591 670
739 91
781 945
213 727
473 422
733 698
783 7
880 183
14 290
210 297
151 918
552 826
717 73
390 293
829 671
688 317
491 425
21 702
965 404
298 153
152 186
199 42
651 590
217 572
972 935
42 541
827 441
953 81
15 356
886 248
312 747
562 611
631 634
508 242
611 358
87 572
112 572
86 387
136 820
143 443
916 197
812 941
555 761
152 440
37 40
194 177
388 43
775 847
80 962
286 973
889 260
264 12
870 420
17 791
553 804
772 131
21 353
395 332
401 278
811 884
385 874
110 650
257 842
786 193
603 520
102 126
115 162
801 174
949 667
661 133
407 520
263 699
509 632
761 117
759 193
854 981
731 901
456 650
798 294
416 171
180 770
89 338
977 796
876 401
995 82
664 561
294 740
523 551
268 634
147 522
577 14
768 352
861 317
278 822
904 372
454 877
290 752
95 903
114 708
311 565
860 142
80 135
974 169
978 324
593 750
714 501
379 611
402 297
703 986
99 65
865 322
40 325
85 339
822 342
475 984
929 760
826 182
20 361
638 809
478 626
568 497
724 559
972 145
233 158
916 217
493 24
7 132
733 105
639 514
279 209
618 752
160 697
890 777
499 547
205 437
828 597
509 283
551 782
512 357
380 984
91 832
535 912
54 40
575 450
335 577
729 984
289 271
295 783
927 458
401 575
63 12
885 988
202 160
737 223
823 385
164 26
138 911
248 290
949 228
65 708
444 160
348 892
541 857
85 784
107 209
929 660
674 262
151 274
57 108
967 255
312 99
590 673
761 636
628 998
745 326
499 528
710 88
862 372
916 809
502 48
37 965
171 682
603 257
786 257
918 184
82 98
826 412
8 249
869 873
419 826
370 47
263 293
55 818
308 329
19 372
624 46
187 376
871 950
917 586
93 415
142 769
274 780
977 431
649 928
877 750
532 869
551 939
792 843
282 504
507 731
