100
4502 7266
9550 2898
7934 5080
9170 1886
8674 2990
5050 1250
9072 5810
6050 3250
5266 9234
4658 7474
1488 6154
8290 9790
4630 8234
5026 2930
9350 766
3290 2850
550 458
1549 1550
4154 3586
6850 8250
834 3634
4338 210
3010 3050
3010 5050
7050 8850
2322 6875
4162 858
9350 8210
9266 2609
850 2162
2530 50
9770 4354
50 1755
5650 8850
2898 6732
5362 2154
1950 3800
6290 7698
7475 6482
2194 3700
5826 6514
4370 1562
5386 9270
6370 5218
2550 8850
9770 3250
1169 8874
8850 3300
50 8274
9172 8978
3234 6410
9294 6850
7664 2610
5050 1801
7410 1650
4925 9830
9122 2850
7410 4162
7858 8020
7703 2210
9906 50
1225 7864
9980 230
1666 9154
2210 6630
2614 5730
5490 1375
9302 510
1150 5530
4566 6370
4470 2725
4450 3938
1570 3050
1172 6109
2450 7930
8970 4338
6450 6850
7355 2530
5938 3602
4380 1400
4406 8450
1255 7877
1325 7250
4330 4910
450 2098
3450 8338
2650 2020
2674 6180
1650 3874
8030 6275
8602 2050
2894 5298
1090 978
7898 7760
370 9700
9674 5202
150 1450
7550 2386
5588 7975
9722 370
